<opencv_storage><calibration_Time>"Sun 10 Feb 2019 04:23:51 PM EST"</calibration_Time><nrOfFrames>25</nrOfFrames><image_Width>320</image_Width><image_Height>240</image_Height><board_Width>4</board_Width><board_Height>11</board_Height><square_Size>5.0000000000000000e-01</square_Size><FixAspectRatio>1.</FixAspectRatio><!-- flags:  +fix_aspectRatio --><flagValue>2</flagValue><Camera_Matrix type_id="opencv-matrix"><rows>3</rows><cols>3</cols><dt>d</dt><data>
    3.2949123792544623e+02 0. 1.6896618562196542e+02 0.
    3.2949123792544623e+02 1.1561801315292639e+02 0. 0. 1.</data></Camera_Matrix><Distortion_Coefficients type_id="opencv-matrix"><rows>5</rows><cols>1</cols><dt>d</dt><data>
    -4.3246837941193539e-01 2.5607576947005017e-01
    9.2925541330240516e-03 1.6721151146201763e-03
    -1.0157224207952989e-01</data></Distortion_Coefficients><Avg_Reprojection_Error>2.2025435032736604e-01</Avg_Reprojection_Error><Per_View_Reprojection_Errors type_id="opencv-matrix"><rows>25</rows><cols>1</cols><dt>f</dt><data>
    1.29152864e-01 1.12009674e-01 1.31306529e-01 1.91447571e-01
    1.67558998e-01 1.93276420e-01 1.74728230e-01 3.14900249e-01
    1.56899735e-01 1.31400317e-01 1.48316309e-01 9.43378583e-02
    7.22988904e-01 4.10092413e-01 9.71684009e-02 1.12025164e-01
    1.23268917e-01 1.35041863e-01 1.31095916e-01 1.66206822e-01
    1.30717039e-01 1.21815152e-01 1.14941500e-01 1.17066324e-01
    1.08674042e-01</data></Per_View_Reprojection_Errors><!--
 a set of 6-tuples (rotation vector + translation vector) for each view 
--><Extrinsic_Parameters type_id="opencv-matrix"><rows>25</rows><cols>6</cols><dt>d</dt><data>
    -2.2543034877678556e-01 5.4538712573765868e-01
    1.3489823251447575e+00 2.2535726724335894e+00 5.1677473469102016e-02
    1.2609161372828098e+01 7.0202557844275482e-02 4.8489327669516252e-01
    1.4720329886097516e+00 4.4989289389378744e+00
    -3.7140635207717585e+00 1.0716834887521996e+01
    -1.3373063203100962e-02 4.5582016921065666e-01
    1.4824040714604965e+00 2.9563637078796949e+00
    -3.0939245842796463e+00 1.0990646156982622e+01
    -6.4632274512407981e-02 8.8348619100377002e-02
    1.6367657715275348e+00 1.0588066349191219e+00
    -1.3432696159625781e+00 7.6704005566816926e+00
    -9.0290327622461978e-03 1.0363188256347766e-01
    1.6146593118505657e+00 1.6932354722468803e+00
    -9.5379388354159300e-01 7.1558930432034531e+00
    2.7945369785775172e-02 8.4687326616308720e-02 1.6029138615608913e+00
    2.0968793205895069e+00 -2.2835968405580314e+00
    6.9855479171317212e+00 -8.1536844022031249e-02
    6.6212025750639802e-01 1.5725148366281725e+00 2.8497084370386792e+00
    -2.3166960609848695e+00 6.8520746737206037e+00
    -1.8373080756623092e-01 7.4225248525318144e-01
    1.5091161980783181e+00 1.7801180595319699e+00
    -1.0313501702212442e+00 7.4276366961055800e+00
    -5.1822242221827939e-03 7.7689613135131907e-01
    1.4972091582390836e+00 3.1070662101991493e+00
    -2.0953368337724250e+00 7.4613763766605805e+00
    -5.5450472068339821e-02 6.8462198889739745e-01
    1.4808459338475481e+00 1.9315240840956318e+00
    -2.7839892339008978e+00 8.4336213576005932e+00
    -1.5220149786056328e-01 8.1260260056568356e-01
    1.3450862136852877e+00 1.8245868005284140e+00
    -3.0982321940736818e-01 1.0716864399272580e+01
    -3.7297695338489817e-01 5.9866426734455602e-01
    1.4829495770413335e+00 -6.4602372883601100e-01
    -1.5517446283772922e+00 1.1378749953781879e+01
    -3.0589138736804145e-01 5.3068406989085171e-01
    1.4751659193030275e+00 -5.2967948980171187e-01
    -3.4336049715724908e+00 1.1065087632985366e+01
    -2.7964887521686976e-01 5.1877915745251657e-01
    1.4466156689885801e+00 -4.9999303593033728e-01
    -3.7218111496951867e+00 1.0965435023670214e+01
    -4.0716586737430099e-01 6.2449619494329656e-01
    1.4328368751182188e+00 -8.2051049972282886e-01
    -1.7743583310621303e+00 1.1474288067879478e+01
    -4.9083024368513778e-01 6.9358228332088800e-01
    1.5078444551021160e+00 9.4592150139966621e-02 2.7536080273500280e-01
    1.0743347485373819e+01 -5.0893599433414105e-01
    8.6904424597396368e-01 1.4952885993060963e+00 2.5635087817887205e+00
    4.5409536612280615e-01 9.8520671325852138e+00 1.7264284411794741e+00
    1.7284639329778320e+00 -9.4867957119001034e-01
    -3.6878877308149103e+00 -1.0531480229830856e-01
    1.0172899743613359e+01 1.7098342003536833e+00 1.7244247176062808e+00
    -9.0505281995176479e-01 -4.2789222738383543e+00
    6.6508163518052679e-02 1.0296688049722968e+01 1.7161442159995306e+00
    1.7570478831989651e+00 -9.3909019971800589e-01
    -3.3975657719519168e+00 6.0869056743214252e-02
    1.0635812901226871e+01 -4.6595791407228165e-01
    7.3910037275127027e-01 1.5302982620241727e+00 2.5797562573997088e+00
    -1.4959134905964995e+00 1.0240672813383927e+01
    -3.3492012128213372e-01 7.2730485700443936e-01
    1.4672599961711348e+00 3.2775865071630603e+00
    -2.7916538802815660e+00 9.4903498431891471e+00
    -3.1657866219339736e-01 6.8464854682314946e-01
    1.4957378454566994e+00 3.0383305850347684e+00
    -3.2527188265249305e+00 9.4662902146853387e+00
    -3.6500010041952502e-01 5.7163640918796588e-01
    1.4616755920482547e+00 1.3917901245782585e+00
    -3.6340268249483580e+00 9.9876521991750185e+00
    1.9627237645169542e+00 1.8133070891458096e+00
    -6.9423674104693955e-01 -4.4330696312432183e+00
    -2.9206124165142606e+00 1.0771514145117195e+01</data></Extrinsic_Parameters><Image_points type_id="opencv-matrix"><rows>25</rows><cols>44</cols><dt>"2f"</dt><data>
    2.27279327e+02 1.16927963e+02 2.32579315e+02 1.40204529e+02
    2.38041214e+02 1.64847183e+02 2.43373657e+02 1.90925797e+02
    2.17192780e+02 1.31217422e+02 2.22195709e+02 1.55349869e+02
    2.27128799e+02 1.80712921e+02 2.32051544e+02 2.07272308e+02
    2.02183060e+02 1.22616028e+02 2.06609253e+02 1.46056107e+02
    2.11217438e+02 1.70747482e+02 2.15791626e+02 1.96853195e+02
    1.91622681e+02 1.36997559e+02 1.95629974e+02 1.61030350e+02
    1.99815872e+02 1.86422562e+02 2.04015488e+02 2.12977005e+02
    1.77215363e+02 1.28196548e+02 1.80704559e+02 1.51581985e+02
    1.84462921e+02 1.76277298e+02 1.88284409e+02 2.02224579e+02
    1.66459335e+02 1.42472351e+02 1.69530014e+02 1.66399902e+02
    1.72917679e+02 1.91615097e+02 1.76444595e+02 2.17933517e+02
    1.52885986e+02 1.33669052e+02 1.55409897e+02 1.56827759e+02
    1.58284607e+02 1.81268616e+02 1.61395828e+02 2.06960754e+02
    1.41995728e+02 1.47664581e+02 1.44219345e+02 1.71317596e+02
    1.46852020e+02 1.96283066e+02 1.49616333e+02 2.22073547e+02
    1.29340195e+02 1.38946899e+02 1.31074829e+02 1.61900391e+02
    1.33093491e+02 1.85859558e+02 1.35510178e+02 2.11079498e+02
    1.18708443e+02 1.52745255e+02 1.20212608e+02 1.76054474e+02
    1.22052582e+02 2.00419205e+02 1.24259201e+02 2.25580368e+02
    1.06982178e+02 1.43921127e+02 1.08038811e+02 1.66482605e+02
    1.09434196e+02 1.90057083e+02 1.11068062e+02 2.14537033e+02
    2.91770782e+02 1.51427069e+01 2.97512268e+02 3.82686691e+01
    3.02916077e+02 6.35245361e+01 3.07965851e+02 9.09808273e+01
    2.81691223e+02 2.78975906e+01 2.86867279e+02 5.22026901e+01
    2.91718201e+02 7.86141586e+01 2.95960846e+02 1.07115616e+02
    2.66400360e+02 1.80983257e+01 2.71010101e+02 4.13336639e+01
    2.75452606e+02 6.66475754e+01 2.79615692e+02 9.43024597e+01
    2.55497955e+02 3.10871277e+01 2.59510193e+02 5.54535484e+01
    2.63302216e+02 8.19290390e+01 2.66804962e+02 1.10546799e+02
    2.40402466e+02 2.16421947e+01 2.43956375e+02 4.47723236e+01
    2.47340683e+02 7.01922989e+01 2.50593918e+02 9.78450317e+01
    2.28872940e+02 3.49279633e+01 2.31886963e+02 5.90707474e+01
    2.34722015e+02 8.55454330e+01 2.37199127e+02 1.13971550e+02
    2.14471786e+02 2.56002369e+01 2.16847290e+02 4.87138405e+01
    2.19177689e+02 7.39032288e+01 2.21486450e+02 1.01312531e+02
