<opencv_storage><calibration_Time>"Sun 10 Feb 2019 04:06:44 PM EST"</calibration_Time><nrOfFrames>25</nrOfFrames><image_Width>320</image_Width><image_Height>240</image_Height><board_Width>4</board_Width><board_Height>11</board_Height><square_Size>5.0000000000000000e-01</square_Size><FixAspectRatio>1.</FixAspectRatio><!-- flags:  +fix_aspectRatio --><flagValue>2</flagValue><Camera_Matrix type_id="opencv-matrix"><rows>3</rows><cols>3</cols><dt>d</dt><data>
    2.2188858806400427e+02 0. 1.4301646015956382e+02 0.
    2.2188858806400427e+02 1.1168164788938941e+02 0. 0. 1.</data></Camera_Matrix><Distortion_Coefficients type_id="opencv-matrix"><rows>5</rows><cols>1</cols><dt>d</dt><data>
    -4.1266038094771540e-01 1.9944825907561395e-01
    1.6368323656223080e-03 8.4088247761566362e-05
    -5.0146127612885630e-02</data></Distortion_Coefficients><Avg_Reprojection_Error>3.8055198930296286e-01</Avg_Reprojection_Error><Per_View_Reprojection_Errors type_id="opencv-matrix"><rows>25</rows><cols>1</cols><dt>f</dt><data>
    1.16385117e-01 1.08671390e-01 5.77820003e-01 1.96696371e-01
    5.76707721e-01 1.14855833e-01 2.16153204e-01 1.30038455e-01
    2.08973959e-01 1.18367061e-01 6.71117306e-01 1.05806246e-01
    9.41519067e-02 1.09876826e-01 9.90377247e-01 1.11066274e-01
    1.02878846e-01 6.24291182e-01 1.91001490e-01 1.43292561e-01
    2.59263843e-01 8.05527508e-01 1.66465104e-01 1.52939439e-01
    2.35017717e-01</data></Per_View_Reprojection_Errors><!--
 a set of 6-tuples (rotation vector + translation vector) for each view 
--><Extrinsic_Parameters type_id="opencv-matrix"><rows>25</rows><cols>6</cols><dt>d</dt><data>
    -6.6581998042281251e-02 3.9587342626313754e-01
    2.8505440282140126e+00 1.1378471209410179e+00 1.0358499609913927e+00
    1.1608532844573896e+01 -1.9174389487488019e-01
    1.0263668216865964e+00 2.7977151391171580e+00
    -1.3322094637705824e+00 5.8876602050528763e+00
    9.2783148236029209e+00 -2.4614129333052626e-01
    8.9857306765632261e-01 2.7844479371281978e+00
    -1.7629144271135038e+00 4.8123797682512794e+00
    9.6945401381517851e+00 4.9195466344392380e-01 9.5180833414628330e-01
    2.6238025659371957e+00 6.9074141434487935e+00 3.8274276597700054e+00
    8.7688722469524905e+00 5.1895196146475331e-01 9.7168050061091016e-01
    2.6503740200881389e+00 7.9814368858652633e+00 4.6126457529945606e+00
    8.6364230957345089e+00 4.8067737618830536e-01 9.3664692541352101e-01
    2.7117579367314582e+00 7.7445569768963933e+00 4.6841117261675818e+00
    8.8179460412008233e+00 2.9442685342623331e-01 9.7491624488011386e-01
    2.3916340430539011e+00 3.7354696401868073e+00
    -3.3184714723667585e-01 5.0970375085596924e+00
    2.7924109533722008e-01 9.8401166160147846e-01 2.3968607336921530e+00
    4.1287591453176207e+00 -1.5609646455615361e-01
    5.1486324509689982e+00 3.0055856869869169e-01 9.8742632726077018e-01
    2.4183365988061185e+00 4.3276866129895843e+00
    -1.4790236165708889e-01 5.0056465522679341e+00
    -2.2678392594142897e-02 9.5047328061538416e-01
    2.2910633174138137e+00 1.0749789416295314e+00 4.8215665627825760e-01
    6.7467131205632436e+00 2.0616633922751291e-02 7.8258999501121984e-01
    2.6929446936996184e+00 2.9701111774718267e+00
    -3.5379095118860410e-03 6.8299067807618732e+00
    3.6008444258776175e-02 7.6274543186593424e-01 2.6938647677391798e+00
    2.6478524025506696e+00 5.2891499670903430e-01 6.8002815519051287e+00
    -2.8355726420938282e-01 1.2519257142801490e-01
    1.0724740919717723e+00 9.2301546915787547e-01
    -3.1748011951903741e+00 1.2375917640853846e+01
    -2.7596085242471918e-01 6.8930466569410362e-02
    1.0330072399618724e+00 -6.1367605952541004e-01
    -3.2400332257292126e+00 1.1624625272058655e+01
    1.9636379107402651e+00 1.8146989252281698e+00
    -3.9747322956814229e-01 -3.9449284786634524e+00
    -3.7834486776310676e+00 9.9082613853106469e+00
    -2.0681055346833760e-01 3.9733626932959770e-01
    1.6812947942015894e+00 3.3857456916787192e+00
    -3.6054972627344579e+00 1.0381380028246804e+01
    -1.6324239665163079e-01 2.7380844760012085e-01
    1.6676664295863439e+00 2.9486387282464372e+00
    -4.4586367377819967e+00 1.0078790129165881e+01
    -1.2227542326824553e-01 3.2327952956641198e-01
    1.7305178649340112e+00 5.6099239615087271e-01
    -2.9521929012113985e+00 7.8243081004264354e+00
    -5.4395931589866775e-02 -3.7578530997969532e-02
    1.6232672567325974e+00 1.8069759187118453e+00
    -1.4992708056812418e+00 7.1571159147276013e+00
    9.5543989856004309e-04 9.2274368694370713e-03 1.5913659592437197e+00
    2.4386322340970965e+00 -1.3962851605895428e+00
    4.7144323654847531e+00 -3.2017811595314934e-03
    -3.9902676224487805e-03 1.7287891499574750e+00
    3.0362594056247980e+00 -9.4593860060672708e-01
    4.3860660742555524e+00 -7.2224046386725360e-02
    9.6678901010602229e-03 2.1459908956459244e+00 2.4239034757598037e+00
    7.9180921035968510e-01 5.6475400135311640e+00 1.5775817363080558e-01
    3.0683282746859003e-01 1.7281963789851524e+00 4.1339321226924097e+00
    -3.9026106318776654e-01 3.9621227981432452e+00
    1.4343358756372057e-01 3.0699601026067097e-01 1.7266417434675689e+00
    4.1299533473337942e+00 -6.3411489590055847e-01
    3.9676308577109469e+00 1.2494658912625850e-01 2.3996604545209882e-01
    1.6623371069256627e+00 1.8655074948374000e+00
    -1.8520128818925070e+00 4.3749509785808973e+00</data></Extrinsic_Parameters><Image_points type_id="opencv-matrix"><rows>25</rows><cols>44</cols><dt>"2f"</dt><data>
    1.64721756e+02 1.31269119e+02 1.46163086e+02 1.36284149e+02
    1.27863464e+02 1.41235184e+02 1.09374199e+02 1.45938995e+02
    1.52941101e+02 1.24783768e+02 1.34726166e+02 1.29709091e+02
    1.16133934e+02 1.34463333e+02 9.81758194e+01 1.39013672e+02
    1.59368332e+02 1.13808792e+02 1.41160660e+02 1.18424408e+02
    1.23053421e+02 1.23272568e+02 1.05059433e+02 1.27912033e+02
    1.47855637e+02 1.07492249e+02 1.29858490e+02 1.12105461e+02
    1.12080574e+02 1.16697601e+02 9.41249008e+01 1.21386223e+02
    1.54147324e+02 9.67672195e+01 1.36470871e+02 1.01135139e+02
    1.18853683e+02 1.05805420e+02 1.00996277e+02 1.10498360e+02
    1.42983322e+02 9.07925491e+01 1.25417259e+02 9.51139145e+01
    1.07913239e+02 9.97647934e+01 9.05593262e+01 1.04389877e+02
    1.49341644e+02 8.06579590e+01 1.31897568e+02 8.49177628e+01
    1.14597969e+02 8.92891617e+01 9.74713745e+01 9.39405060e+01
    1.38409500e+02 7.50241089e+01 1.21371262e+02 7.92248001e+01
    1.04488777e+02 8.37729263e+01 8.74732285e+01 8.83125153e+01
    1.44510818e+02 6.56228485e+01 1.27593307e+02 6.96164551e+01
    1.10964134e+02 7.38908997e+01 9.43885117e+01 7.82770691e+01
    1.33878296e+02 6.04392128e+01 1.17364296e+02 6.45831604e+01
    1.01146172e+02 6.87308121e+01 8.47469559e+01 7.32967987e+01
    1.40181656e+02 5.16658936e+01 1.23630264e+02 5.54698029e+01
    1.07522774e+02 5.96645546e+01 9.15719986e+01 6.39456367e+01
    1.15421783e+02 2.32729248e+02 9.56250763e+01 2.34247513e+02
    7.63995361e+01 2.35167297e+02 5.80072365e+01 2.35186371e+02
    1.04110298e+02 2.24750000e+02 8.46420364e+01 2.26026016e+02
    6.59892120e+01 2.26584930e+02 4.82799568e+01 2.26358521e+02
    1.12428429e+02 2.14922073e+02 9.30146637e+01 2.16583008e+02
    7.40708694e+01 2.17615845e+02 5.60699768e+01 2.17965164e+02
    1.01424026e+02 2.06947540e+02 8.24071426e+01 2.08209946e+02
    6.41307602e+01 2.09138397e+02 4.69480515e+01 2.09239456e+02
    1.09687180e+02 1.97217926e+02 9.07427368e+01 1.98957916e+02
    7.24086761e+01 2.00070236e+02 5.48537636e+01 2.00702927e+02 99.
    1.89513855e+02 8.07425690e+01 1.90945007e+02 6.30011902e+01
    1.91995834e+02 4.62817421e+01 1.92470718e+02 1.07191071e+02
    1.80193359e+02 8.88933716e+01 1.81785629e+02 7.11196213e+01
    1.83168060e+02 5.41117554e+01 1.84039948e+02 9.70406876e+01
    1.72740311e+02 7.93228455e+01 1.74445648e+02 6.24580421e+01
